% latex.default(param.table[[params]], title = "", file = paste(tables.dir,      "Table_", params, ".tex", sep = ""), caption = paste("Outcomes with varying ",      params, " only", sep = ""), size = "small", label = paste("tbl:",      params, "_varying_only", sep = ""), where = "\hbtp", caption.loc = "bottom") 
%
\begin{table}[\hbtp]
 \small
 \begin{center}
 \begin{tabular}{rrrrrr}\hline\hline
\multicolumn{1}{c}{$h.tx$}&\multicolumn{1}{c}{$P_{-\surd}$}&\multicolumn{1}{c}{$P_{+\surd - }$}&\multicolumn{1}{c}{$P_{+\surd +}$}&\multicolumn{1}{c}{$P_{-\times}$}&\multicolumn{1}{c}{$P_{+\times}$}\tabularnewline
\hline
$0.005$&$0.89$&$0.00013$&$4.5e-05$&$0.11$&$2.2e-05$\tabularnewline
$0.014$&$0.89$&$0.00038$&$1.3e-04$&$0.11$&$6.2e-05$\tabularnewline
$0.023$&$0.89$&$0.00062$&$2.1e-04$&$0.11$&$1.0e-04$\tabularnewline
$0.033$&$0.89$&$0.00086$&$3.0e-04$&$0.11$&$1.4e-04$\tabularnewline
$0.042$&$0.89$&$0.00110$&$3.8e-04$&$0.11$&$1.8e-04$\tabularnewline
$0.051$&$0.89$&$0.00140$&$4.6e-04$&$0.11$&$2.2e-04$\tabularnewline
$0.060$&$0.89$&$0.00160$&$5.5e-04$&$0.11$&$2.6e-04$\tabularnewline
$0.069$&$0.89$&$0.00180$&$6.3e-04$&$0.11$&$3.1e-04$\tabularnewline
$0.079$&$0.89$&$0.00210$&$7.1e-04$&$0.11$&$3.5e-04$\tabularnewline
$0.088$&$0.89$&$0.00230$&$8.0e-04$&$0.11$&$3.9e-04$\tabularnewline
$0.097$&$0.89$&$0.00260$&$8.8e-04$&$0.11$&$4.3e-04$\tabularnewline
$0.110$&$0.89$&$0.00280$&$9.6e-04$&$0.11$&$4.7e-04$\tabularnewline
$0.120$&$0.89$&$0.00310$&$1.0e-03$&$0.11$&$5.1e-04$\tabularnewline
$0.120$&$0.89$&$0.00330$&$1.1e-03$&$0.11$&$5.5e-04$\tabularnewline
$0.130$&$0.89$&$0.00350$&$1.2e-03$&$0.11$&$5.9e-04$\tabularnewline
$0.140$&$0.88$&$0.00380$&$1.3e-03$&$0.11$&$6.3e-04$\tabularnewline
$0.150$&$0.88$&$0.00400$&$1.4e-03$&$0.11$&$6.7e-04$\tabularnewline
$0.160$&$0.88$&$0.00430$&$1.5e-03$&$0.11$&$7.1e-04$\tabularnewline
$0.170$&$0.88$&$0.00450$&$1.5e-03$&$0.11$&$7.5e-04$\tabularnewline
$0.180$&$0.88$&$0.00480$&$1.6e-03$&$0.11$&$7.9e-04$\tabularnewline
$0.190$&$0.88$&$0.00500$&$1.7e-03$&$0.11$&$8.3e-04$\tabularnewline
$0.200$&$0.88$&$0.00520$&$1.8e-03$&$0.11$&$8.7e-04$\tabularnewline
$0.210$&$0.88$&$0.00550$&$1.9e-03$&$0.11$&$9.1e-04$\tabularnewline
$0.220$&$0.88$&$0.00570$&$2.0e-03$&$0.11$&$9.5e-04$\tabularnewline
$0.230$&$0.88$&$0.00600$&$2.0e-03$&$0.11$&$9.9e-04$\tabularnewline
$0.240$&$0.88$&$0.00620$&$2.1e-03$&$0.11$&$1.0e-03$\tabularnewline
$0.240$&$0.88$&$0.00650$&$2.2e-03$&$0.11$&$1.1e-03$\tabularnewline
$0.250$&$0.88$&$0.00670$&$2.3e-03$&$0.11$&$1.1e-03$\tabularnewline
$0.260$&$0.88$&$0.00690$&$2.4e-03$&$0.11$&$1.2e-03$\tabularnewline
$0.270$&$0.88$&$0.00720$&$2.5e-03$&$0.11$&$1.2e-03$\tabularnewline
\hline
\end{tabular}

\end{center}

\caption{Outcomes with varying h.tx only\label{tbl:h.tx_varying_only}} 

\end{table}

