% latex.default(param.table[[params]], title = "", file = paste(tables.dir,      "Table_", params, ".tex", sep = ""), caption = paste("Outcomes with varying ",      params, " only", sep = ""), size = "small", label = paste("tbl:",      params, "_varying_only", sep = ""), where = "\hbtp", caption.loc = "bottom") 
%
\begin{table}[\hbtp]
 \small
 \begin{center}
 \begin{tabular}{rrrrrr}\hline\hline
\multicolumn{1}{c}{$alpha$}&\multicolumn{1}{c}{$P_{-\surd}$}&\multicolumn{1}{c}{$P_{+\surd - }$}&\multicolumn{1}{c}{$P_{+\surd +}$}&\multicolumn{1}{c}{$P_{-\times}$}&\multicolumn{1}{c}{$P_{+\times}$}\tabularnewline
\hline
$0.0017$&$0.86$&$0.022$&$0.0076$&$0.11$&$0.0037$\tabularnewline
$0.0017$&$0.86$&$0.023$&$0.0078$&$0.11$&$0.0038$\tabularnewline
$0.0018$&$0.86$&$0.023$&$0.0080$&$0.11$&$0.0039$\tabularnewline
$0.0018$&$0.86$&$0.024$&$0.0082$&$0.11$&$0.0040$\tabularnewline
$0.0019$&$0.86$&$0.025$&$0.0084$&$0.11$&$0.0041$\tabularnewline
$0.0019$&$0.86$&$0.025$&$0.0087$&$0.11$&$0.0042$\tabularnewline
$0.0020$&$0.86$&$0.026$&$0.0089$&$0.11$&$0.0043$\tabularnewline
$0.0020$&$0.85$&$0.027$&$0.0091$&$0.11$&$0.0044$\tabularnewline
$0.0021$&$0.85$&$0.027$&$0.0093$&$0.11$&$0.0045$\tabularnewline
$0.0021$&$0.85$&$0.028$&$0.0095$&$0.11$&$0.0046$\tabularnewline
$0.0022$&$0.85$&$0.028$&$0.0097$&$0.11$&$0.0047$\tabularnewline
$0.0022$&$0.85$&$0.029$&$0.0099$&$0.11$&$0.0048$\tabularnewline
$0.0023$&$0.85$&$0.030$&$0.0100$&$0.11$&$0.0049$\tabularnewline
$0.0023$&$0.85$&$0.030$&$0.0100$&$0.10$&$0.0050$\tabularnewline
$0.0024$&$0.85$&$0.031$&$0.0110$&$0.10$&$0.0051$\tabularnewline
$0.0024$&$0.85$&$0.031$&$0.0110$&$0.10$&$0.0052$\tabularnewline
$0.0025$&$0.85$&$0.032$&$0.0110$&$0.10$&$0.0053$\tabularnewline
$0.0025$&$0.85$&$0.033$&$0.0110$&$0.10$&$0.0054$\tabularnewline
$0.0026$&$0.85$&$0.033$&$0.0110$&$0.10$&$0.0055$\tabularnewline
$0.0026$&$0.84$&$0.034$&$0.0120$&$0.10$&$0.0056$\tabularnewline
$0.0027$&$0.84$&$0.034$&$0.0120$&$0.10$&$0.0057$\tabularnewline
$0.0027$&$0.84$&$0.035$&$0.0120$&$0.10$&$0.0058$\tabularnewline
$0.0028$&$0.84$&$0.036$&$0.0120$&$0.10$&$0.0059$\tabularnewline
$0.0028$&$0.84$&$0.036$&$0.0120$&$0.10$&$0.0060$\tabularnewline
$0.0029$&$0.84$&$0.037$&$0.0130$&$0.10$&$0.0061$\tabularnewline
$0.0029$&$0.84$&$0.038$&$0.0130$&$0.10$&$0.0062$\tabularnewline
$0.0030$&$0.84$&$0.038$&$0.0130$&$0.10$&$0.0063$\tabularnewline
$0.0030$&$0.84$&$0.039$&$0.0130$&$0.10$&$0.0064$\tabularnewline
$0.0031$&$0.84$&$0.039$&$0.0130$&$0.10$&$0.0065$\tabularnewline
$0.0031$&$0.84$&$0.040$&$0.0140$&$0.10$&$0.0066$\tabularnewline
\hline
\end{tabular}

\end{center}

\caption{Outcomes with varying alpha only\label{tbl:alpha_varying_only}} 

\end{table}

