% latex.default(param.table[[params]], title = "", file = paste(tables.dir,      "Table_", params, ".tex", sep = ""), caption = paste("Outcomes with varying ",      params, " only", sep = ""), size = "small", label = paste("tbl:",      params, "_varying_only", sep = ""), where = "\hbtp", caption.loc = "bottom") 
%
\begin{table}[\hbtp]
 \small
 \begin{center}
 \begin{tabular}{rrrrrr}\hline\hline
\multicolumn{1}{c}{$h.PrEP$}&\multicolumn{1}{c}{$P_{-\surd}$}&\multicolumn{1}{c}{$P_{+\surd - }$}&\multicolumn{1}{c}{$P_{+\surd +}$}&\multicolumn{1}{c}{$P_{-\times}$}&\multicolumn{1}{c}{$P_{+\times}$}\tabularnewline
\hline
$0.12$&$0.89$&$0.0033$&$0.0011$&$0.11$&$0.00055$\tabularnewline
$0.15$&$0.88$&$0.0040$&$0.0014$&$0.11$&$0.00066$\tabularnewline
$0.18$&$0.88$&$0.0047$&$0.0016$&$0.11$&$0.00077$\tabularnewline
$0.20$&$0.88$&$0.0054$&$0.0018$&$0.11$&$0.00089$\tabularnewline
$0.23$&$0.88$&$0.0060$&$0.0021$&$0.11$&$0.00100$\tabularnewline
$0.25$&$0.88$&$0.0067$&$0.0023$&$0.11$&$0.00110$\tabularnewline
$0.28$&$0.88$&$0.0074$&$0.0025$&$0.11$&$0.00120$\tabularnewline
$0.31$&$0.88$&$0.0081$&$0.0028$&$0.11$&$0.00130$\tabularnewline
$0.33$&$0.88$&$0.0087$&$0.0030$&$0.11$&$0.00150$\tabularnewline
$0.36$&$0.88$&$0.0094$&$0.0032$&$0.11$&$0.00160$\tabularnewline
$0.38$&$0.88$&$0.0100$&$0.0035$&$0.11$&$0.00170$\tabularnewline
$0.41$&$0.88$&$0.0110$&$0.0037$&$0.11$&$0.00180$\tabularnewline
$0.44$&$0.87$&$0.0110$&$0.0039$&$0.11$&$0.00190$\tabularnewline
$0.46$&$0.87$&$0.0120$&$0.0042$&$0.11$&$0.00200$\tabularnewline
$0.49$&$0.87$&$0.0130$&$0.0044$&$0.11$&$0.00210$\tabularnewline
$0.51$&$0.87$&$0.0130$&$0.0046$&$0.11$&$0.00220$\tabularnewline
$0.54$&$0.87$&$0.0140$&$0.0048$&$0.11$&$0.00230$\tabularnewline
$0.56$&$0.87$&$0.0150$&$0.0051$&$0.11$&$0.00250$\tabularnewline
$0.59$&$0.87$&$0.0150$&$0.0053$&$0.11$&$0.00260$\tabularnewline
$0.62$&$0.87$&$0.0160$&$0.0055$&$0.11$&$0.00270$\tabularnewline
$0.64$&$0.87$&$0.0170$&$0.0058$&$0.11$&$0.00280$\tabularnewline
$0.67$&$0.87$&$0.0170$&$0.0060$&$0.11$&$0.00290$\tabularnewline
$0.69$&$0.87$&$0.0180$&$0.0062$&$0.11$&$0.00300$\tabularnewline
$0.72$&$0.86$&$0.0190$&$0.0064$&$0.11$&$0.00310$\tabularnewline
$0.75$&$0.86$&$0.0190$&$0.0067$&$0.11$&$0.00320$\tabularnewline
$0.77$&$0.86$&$0.0200$&$0.0069$&$0.11$&$0.00330$\tabularnewline
$0.80$&$0.86$&$0.0210$&$0.0071$&$0.11$&$0.00350$\tabularnewline
$0.82$&$0.86$&$0.0210$&$0.0074$&$0.11$&$0.00360$\tabularnewline
$0.85$&$0.86$&$0.0220$&$0.0076$&$0.11$&$0.00370$\tabularnewline
$0.88$&$0.86$&$0.0230$&$0.0078$&$0.11$&$0.00380$\tabularnewline
\hline
\end{tabular}

\end{center}

\caption{Outcomes with varying h.PrEP only\label{tbl:h.PrEP_varying_only}} 

\end{table}

